 OK
CSP   =                     4.28817E-02
P_MAX =                     0.00000E+00
NP_MAX=                       0
